/*--------------------------------*- C++ -*----------------------------------*\
| =========                 |                                                 |
| \\      /  F ield         | OpenFOAM: The Open Source CFD Toolbox           |
|  \\    /   O peration     | Version:  4.0                                   |
|   \\  /    A nd           | Web:      www.OpenFOAM.org                      |
|    \\/     M anipulation  |                                                 |
\*---------------------------------------------------------------------------*/
FoamFile
{
    version     2.0;
    format      ascii;
    class       labelList;
    note        "nPoints:6210  nCells:4840  nFaces:15818  nInternalFaces:13222";
    location    "0.001/electrolyte/polyMesh";
    object      neighbour;
}
// * * * * * * * * * * * * * * * * * * * * * * * * * * * * * * * * * * * * * //


13222
(
1
5
220
2
6
221
3
7
222
4
8
223
9
224
6
10
225
7
11
226
8
12
227
9
13
228
14
229
11
15
230
12
16
231
13
17
232
14
18
233
19
234
16
20
235
17
21
236
18
22
237
19
23
238
24
239
21
25
240
22
26
241
23
27
242
24
28
243
29
244
26
30
245
27
31
246
28
32
247
29
33
248
34
249
31
35
250
32
36
251
33
37
252
34
38
253
39
254
36
40
255
37
41
256
38
42
257
39
43
258
44
259
41
45
260
42
46
261
43
47
262
44
48
263
49
264
46
50
265
47
51
266
48
52
267
49
53
268
54
269
51
55
270
52
56
271
53
57
272
54
58
273
59
274
56
60
275
57
61
276
58
62
277
59
63
278
64
279
61
65
280
62
66
281
63
67
282
64
68
283
69
284
66
70
285
67
71
286
68
72
287
69
73
288
74
289
71
75
290
72
76
291
73
77
292
74
78
293
79
294
76
80
295
77
81
296
78
82
297
79
83
298
84
299
81
85
300
82
86
301
83
87
302
84
88
303
89
304
86
90
305
87
91
306
88
92
307
89
93
308
94
309
91
95
310
92
96
311
93
97
312
94
98
313
99
314
96
100
315
97
101
316
98
102
317
99
103
318
104
319
101
105
320
102
106
321
103
107
322
104
108
323
109
324
106
110
325
107
111
326
108
112
327
109
113
328
114
329
111
115
330
112
116
331
113
117
332
114
118
333
119
334
116
120
335
117
121
336
118
122
337
119
123
338
124
339
121
125
340
122
126
341
123
127
342
124
128
343
129
344
126
130
345
127
131
346
128
132
347
129
133
348
134
349
131
135
350
132
136
351
133
137
352
134
138
353
139
354
136
140
355
137
141
356
138
142
357
139
143
358
144
359
141
145
360
142
146
361
143
147
362
144
148
363
149
364
146
150
365
147
151
366
148
152
367
149
153
368
154
369
151
155
370
152
156
371
153
157
372
154
158
373
159
374
156
160
375
157
161
376
158
162
377
159
163
378
164
379
161
165
380
162
166
381
163
167
382
164
168
383
169
384
166
170
385
167
171
386
168
172
387
169
173
388
174
389
171
175
390
172
176
391
173
177
392
174
178
393
179
394
176
180
395
177
181
396
178
182
397
179
183
398
184
399
181
185
400
182
186
401
183
187
402
184
188
403
189
404
186
190
405
187
191
406
188
192
407
189
193
408
194
409
191
195
410
192
196
411
193
197
412
194
198
413
199
414
196
200
415
197
201
416
198
202
417
199
203
418
204
419
201
205
420
202
206
421
203
207
422
204
208
423
209
424
206
210
425
207
211
426
208
212
427
209
213
428
214
429
211
215
430
212
216
431
213
217
432
214
218
433
219
434
216
435
217
436
218
437
219
438
439
221
225
440
222
226
441
223
227
442
224
228
443
229
444
226
230
445
227
231
446
228
232
447
229
233
448
234
449
231
235
450
232
236
451
233
237
452
234
238
453
239
454
236
240
455
237
241
456
238
242
457
239
243
458
244
459
241
245
460
242
246
461
243
247
462
244
248
463
249
464
246
250
465
247
251
466
248
252
467
249
253
468
254
469
251
255
470
252
256
471
253
257
472
254
258
473
259
474
256
260
475
257
261
476
258
262
477
259
263
478
264
479
261
265
480
262
266
481
263
267
482
264
268
483
269
484
266
270
485
267
271
486
268
272
487
269
273
488
274
489
271
275
490
272
276
491
273
277
492
274
278
493
279
494
276
280
495
277
281
496
278
282
497
279
283
498
284
499
281
285
500
282
286
501
283
287
502
284
288
503
289
504
286
290
505
287
291
506
288
292
507
289
293
508
294
509
291
295
510
292
296
511
293
297
512
294
298
513
299
514
296
300
515
297
301
516
298
302
517
299
303
518
304
519
301
305
520
302
306
521
303
307
522
304
308
523
309
524
306
310
525
307
311
526
308
312
527
309
313
528
314
529
311
315
530
312
316
531
313
317
532
314
318
533
319
534
316
320
535
317
321
536
318
322
537
319
323
538
324
539
321
325
540
322
326
541
323
327
542
324
328
543
329
544
326
330
545
327
331
546
328
332
547
329
333
548
334
549
331
335
550
332
336
551
333
337
552
334
338
553
339
554
336
340
555
337
341
556
338
342
557
339
343
558
344
559
341
345
560
342
346
561
343
347
562
344
348
563
349
564
346
350
565
347
351
566
348
352
567
349
353
568
354
569
351
355
570
352
356
571
353
357
572
354
358
573
359
574
356
360
575
357
361
576
358
362
577
359
363
578
364
579
361
365
580
362
366
581
363
367
582
364
368
583
369
584
366
370
585
367
371
586
368
372
587
369
373
588
374
589
371
375
590
372
376
591
373
377
592
374
378
593
379
594
376
380
595
377
381
596
378
382
597
379
383
598
384
599
381
385
600
382
386
601
383
387
602
384
388
603
389
604
386
390
605
387
391
606
388
392
607
389
393
608
394
609
391
395
610
392
396
611
393
397
612
394
398
613
399
614
396
400
615
397
401
616
398
402
617
399
403
618
404
619
401
405
620
402
406
621
403
407
622
404
408
623
409
624
406
410
625
407
411
626
408
412
627
409
413
628
414
629
411
415
630
412
416
631
413
417
632
414
418
633
419
634
416
420
635
417
421
636
418
422
637
419
423
638
424
639
421
425
640
422
426
641
423
427
642
424
428
643
429
644
426
430
645
427
431
646
428
432
647
429
433
648
434
649
431
435
650
432
436
651
433
437
652
434
438
653
439
654
436
655
437
656
438
657
439
658
659
441
445
660
442
446
661
443
447
662
444
448
663
449
664
446
450
665
447
451
666
448
452
667
449
453
668
454
669
451
455
670
452
456
671
453
457
672
454
458
673
459
674
456
460
675
457
461
676
458
462
677
459
463
678
464
679
461
465
680
462
466
681
463
467
682
464
468
683
469
684
466
470
685
467
471
686
468
472
687
469
473
688
474
689
471
475
690
472
476
691
473
477
692
474
478
693
479
694
476
480
695
477
481
696
478
482
697
479
483
698
484
699
481
485
700
482
486
701
483
487
702
484
488
703
489
704
486
490
705
487
491
706
488
492
707
489
493
708
494
709
491
495
710
492
496
711
493
497
712
494
498
713
499
714
496
500
715
497
501
716
498
502
717
499
503
718
504
719
501
505
720
502
506
721
503
507
722
504
508
723
509
724
506
510
725
507
511
726
508
512
727
509
513
728
514
729
511
515
730
512
516
731
513
517
732
514
518
733
519
734
516
520
735
517
521
736
518
522
737
519
523
738
524
739
521
525
740
522
526
741
523
527
742
524
528
743
529
744
526
530
745
527
531
746
528
532
747
529
533
748
534
749
531
535
750
532
536
751
533
537
752
534
538
753
539
754
536
540
755
537
541
756
538
542
757
539
543
758
544
759
541
545
760
542
546
761
543
547
762
544
548
763
549
764
546
550
765
547
551
766
548
552
767
549
553
768
554
769
551
555
770
552
556
771
553
557
772
554
558
773
559
774
556
560
775
557
561
776
558
562
777
559
563
778
564
779
561
565
780
562
566
781
563
567
782
564
568
783
569
784
566
570
785
567
571
786
568
572
787
569
573
788
574
789
571
575
790
572
576
791
573
577
792
574
578
793
579
794
576
580
795
577
581
796
578
582
797
579
583
798
584
799
581
585
800
582
586
801
583
587
802
584
588
803
589
804
586
590
805
587
591
806
588
592
807
589
593
808
594
809
591
595
810
592
596
811
593
597
812
594
598
813
599
814
596
600
815
597
601
816
598
602
817
599
603
818
604
819
601
605
820
602
606
821
603
607
822
604
608
823
609
824
606
610
825
607
611
826
608
612
827
609
613
828
614
829
611
615
830
612
616
831
613
617
832
614
618
833
619
834
616
620
835
617
621
836
618
622
837
619
623
838
624
839
621
625
840
622
626
841
623
627
842
624
628
843
629
844
626
630
845
627
631
846
628
632
847
629
633
848
634
849
631
635
850
632
636
851
633
637
852
634
638
853
639
854
636
640
855
637
641
856
638
642
857
639
643
858
644
859
641
645
860
642
646
861
643
647
862
644
648
863
649
864
646
650
865
647
651
866
648
652
867
649
653
868
654
869
651
655
870
652
656
871
653
657
872
654
658
873
659
874
656
875
657
876
658
877
659
878
879
661
665
880
662
666
881
663
667
882
664
668
883
669
884
666
670
885
667
671
886
668
672
887
669
673
888
674
889
671
675
890
672
676
891
673
677
892
674
678
893
679
894
676
680
895
677
681
896
678
682
897
679
683
898
684
899
681
685
900
682
686
901
683
687
902
684
688
903
689
904
686
690
905
687
691
906
688
692
907
689
693
908
694
909
691
695
910
692
696
911
693
697
912
694
698
913
699
914
696
700
915
697
701
916
698
702
917
699
703
918
704
919
701
705
920
702
706
921
703
707
922
704
708
923
709
924
706
710
925
707
711
926
708
712
927
709
713
928
714
929
711
715
930
712
716
931
713
717
932
714
718
933
719
934
716
720
935
717
721
936
718
722
937
719
723
938
724
939
721
725
940
722
726
941
723
727
942
724
728
943
729
944
726
730
945
727
731
946
728
732
947
729
733
948
734
949
731
735
950
732
736
951
733
737
952
734
738
953
739
954
736
740
955
737
741
956
738
742
957
739
743
958
744
959
741
745
960
742
746
961
743
747
962
744
748
963
749
964
746
750
965
747
751
966
748
752
967
749
753
968
754
969
751
755
970
752
756
971
753
757
972
754
758
973
759
974
756
760
975
757
761
976
758
762
977
759
763
978
764
979
761
765
980
762
766
981
763
767
982
764
768
983
769
984
766
770
985
767
771
986
768
772
987
769
773
988
774
989
771
775
990
772
776
991
773
777
992
774
778
993
779
994
776
780
995
777
781
996
778
782
997
779
783
998
784
999
781
785
1000
782
786
1001
783
787
1002
784
788
1003
789
1004
786
790
1005
787
791
1006
788
792
1007
789
793
1008
794
1009
791
795
1010
792
796
1011
793
797
1012
794
798
1013
799
1014
796
800
1015
797
801
1016
798
802
1017
799
803
1018
804
1019
801
805
1020
802
806
1021
803
807
1022
804
808
1023
809
1024
806
810
1025
807
811
1026
808
812
1027
809
813
1028
814
1029
811
815
1030
812
816
1031
813
817
1032
814
818
1033
819
1034
816
820
1035
817
821
1036
818
822
1037
819
823
1038
824
1039
821
825
1040
822
826
1041
823
827
1042
824
828
1043
829
1044
826
830
1045
827
831
1046
828
832
1047
829
833
1048
834
1049
831
835
1050
832
836
1051
833
837
1052
834
838
1053
839
1054
836
840
1055
837
841
1056
838
842
1057
839
843
1058
844
1059
841
845
1060
842
846
1061
843
847
1062
844
848
1063
849
1064
846
850
1065
847
851
1066
848
852
1067
849
853
1068
854
1069
851
855
1070
852
856
1071
853
857
1072
854
858
1073
859
1074
856
860
1075
857
861
1076
858
862
1077
859
863
1078
864
1079
861
865
1080
862
866
1081
863
867
1082
864
868
1083
869
1084
866
870
1085
867
871
1086
868
872
1087
869
873
1088
874
1089
871
875
1090
872
876
1091
873
877
1092
874
878
1093
879
1094
876
1095
877
1096
878
1097
879
1098
1099
881
885
1100
882
886
1101
883
887
1102
884
888
1103
889
1104
886
890
1105
887
891
1106
888
892
1107
889
893
1108
894
1109
891
895
1110
892
896
1111
893
897
1112
894
898
1113
899
1114
896
900
1115
897
901
1116
898
902
1117
899
903
1118
904
1119
901
905
1120
902
906
1121
903
907
1122
904
908
1123
909
1124
906
910
1125
907
911
1126
908
912
1127
909
913
1128
914
1129
911
915
1130
912
916
1131
913
917
1132
914
918
1133
919
1134
916
920
1135
917
921
1136
918
922
1137
919
923
1138
924
1139
921
925
1140
922
926
1141
923
927
1142
924
928
1143
929
1144
926
930
1145
927
931
1146
928
932
1147
929
933
1148
934
1149
931
935
1150
932
936
1151
933
937
1152
934
938
1153
939
1154
936
940
1155
937
941
1156
938
942
1157
939
943
1158
944
1159
941
945
1160
942
946
1161
943
947
1162
944
948
1163
949
1164
946
950
1165
947
951
1166
948
952
1167
949
953
1168
954
1169
951
955
1170
952
956
1171
953
957
1172
954
958
1173
959
1174
956
960
1175
957
961
1176
958
962
1177
959
963
1178
964
1179
961
965
1180
962
966
1181
963
967
1182
964
968
1183
969
1184
966
970
1185
967
971
1186
968
972
1187
969
973
1188
974
1189
971
975
1190
972
976
1191
973
977
1192
974
978
1193
979
1194
976
980
1195
977
981
1196
978
982
1197
979
983
1198
984
1199
981
985
1200
982
986
1201
983
987
1202
984
988
1203
989
1204
986
990
1205
987
991
1206
988
992
1207
989
993
1208
994
1209
991
995
1210
992
996
1211
993
997
1212
994
998
1213
999
1214
996
1000
1215
997
1001
1216
998
1002
1217
999
1003
1218
1004
1219
1001
1005
1220
1002
1006
1221
1003
1007
1222
1004
1008
1223
1009
1224
1006
1010
1225
1007
1011
1226
1008
1012
1227
1009
1013
1228
1014
1229
1011
1015
1230
1012
1016
1231
1013
1017
1232
1014
1018
1233
1019
1234
1016
1020
1235
1017
1021
1236
1018
1022
1237
1019
1023
1238
1024
1239
1021
1025
1240
1022
1026
1241
1023
1027
1242
1024
1028
1243
1029
1244
1026
1030
1245
1027
1031
1246
1028
1032
1247
1029
1033
1248
1034
1249
1031
1035
1250
1032
1036
1251
1033
1037
1252
1034
1038
1253
1039
1254
1036
1040
1255
1037
1041
1256
1038
1042
1257
1039
1043
1258
1044
1259
1041
1045
1260
1042
1046
1261
1043
1047
1262
1044
1048
1263
1049
1264
1046
1050
1265
1047
1051
1266
1048
1052
1267
1049
1053
1268
1054
1269
1051
1055
1270
1052
1056
1271
1053
1057
1272
1054
1058
1273
1059
1274
1056
1060
1275
1057
1061
1276
1058
1062
1277
1059
1063
1278
1064
1279
1061
1065
1280
1062
1066
1281
1063
1067
1282
1064
1068
1283
1069
1284
1066
1070
1285
1067
1071
1286
1068
1072
1287
1069
1073
1288
1074
1289
1071
1075
1290
1072
1076
1291
1073
1077
1292
1074
1078
1293
1079
1294
1076
1080
1295
1077
1081
1296
1078
1082
1297
1079
1083
1298
1084
1299
1081
1085
1300
1082
1086
1301
1083
1087
1302
1084
1088
1303
1089
1304
1086
1090
1305
1087
1091
1306
1088
1092
1307
1089
1093
1308
1094
1309
1091
1095
1310
1092
1096
1311
1093
1097
1312
1094
1098
1313
1099
1314
1096
1315
1097
1316
1098
1317
1099
1318
1319
1101
1105
1320
1102
1106
1321
1103
1107
1322
1104
1108
1323
1109
1324
1106
1110
1325
1107
1111
1326
1108
1112
1327
1109
1113
1328
1114
1329
1111
1115
1330
1112
1116
1331
1113
1117
1332
1114
1118
1333
1119
1334
1116
1120
1335
1117
1121
1336
1118
1122
1337
1119
1123
1338
1124
1339
1121
1125
1340
1122
1126
1341
1123
1127
1342
1124
1128
1343
1129
1344
1126
1130
1345
1127
1131
1346
1128
1132
1347
1129
1133
1348
1134
1349
1131
1135
1350
1132
1136
1351
1133
1137
1352
1134
1138
1353
1139
1354
1136
1140
1355
1137
1141
1356
1138
1142
1357
1139
1143
1358
1144
1359
1141
1145
1360
1142
1146
1361
1143
1147
1362
1144
1148
1363
1149
1364
1146
1150
1365
1147
1151
1366
1148
1152
1367
1149
1153
1368
1154
1369
1151
1155
1370
1152
1156
1371
1153
1157
1372
1154
1158
1373
1159
1374
1156
1160
1375
1157
1161
1376
1158
1162
1377
1159
1163
1378
1164
1379
1161
1165
1380
1162
1166
1381
1163
1167
1382
1164
1168
1383
1169
1384
1166
1170
1385
1167
1171
1386
1168
1172
1387
1169
1173
1388
1174
1389
1171
1175
1390
1172
1176
1391
1173
1177
1392
1174
1178
1393
1179
1394
1176
1180
1395
1177
1181
1396
1178
1182
1397
1179
1183
1398
1184
1399
1181
1185
1400
1182
1186
1401
1183
1187
1402
1184
1188
1403
1189
1404
1186
1190
1405
1187
1191
1406
1188
1192
1407
1189
1193
1408
1194
1409
1191
1195
1410
1192
1196
1411
1193
1197
1412
1194
1198
1413
1199
1414
1196
1200
1415
1197
1201
1416
1198
1202
1417
1199
1203
1418
1204
1419
1201
1205
1420
1202
1206
1421
1203
1207
1422
1204
1208
1423
1209
1424
1206
1210
1425
1207
1211
1426
1208
1212
1427
1209
1213
1428
1214
1429
1211
1215
1430
1212
1216
1431
1213
1217
1432
1214
1218
1433
1219
1434
1216
1220
1435
1217
1221
1436
1218
1222
1437
1219
1223
1438
1224
1439
1221
1225
1440
1222
1226
1441
1223
1227
1442
1224
1228
1443
1229
1444
1226
1230
1445
1227
1231
1446
1228
1232
1447
1229
1233
1448
1234
1449
1231
1235
1450
1232
1236
1451
1233
1237
1452
1234
1238
1453
1239
1454
1236
1240
1455
1237
1241
1456
1238
1242
1457
1239
1243
1458
1244
1459
1241
1245
1460
1242
1246
1461
1243
1247
1462
1244
1248
1463
1249
1464
1246
1250
1465
1247
1251
1466
1248
1252
1467
1249
1253
1468
1254
1469
1251
1255
1470
1252
1256
1471
1253
1257
1472
1254
1258
1473
1259
1474
1256
1260
1475
1257
1261
1476
1258
1262
1477
1259
1263
1478
1264
1479
1261
1265
1480
1262
1266
1481
1263
1267
1482
1264
1268
1483
1269
1484
1266
1270
1485
1267
1271
1486
1268
1272
1487
1269
1273
1488
1274
1489
1271
1275
1490
1272
1276
1491
1273
1277
1492
1274
1278
1493
1279
1494
1276
1280
1495
1277
1281
1496
1278
1282
1497
1279
1283
1498
1284
1499
1281
1285
1500
1282
1286
1501
1283
1287
1502
1284
1288
1503
1289
1504
1286
1290
1505
1287
1291
1506
1288
1292
1507
1289
1293
1508
1294
1509
1291
1295
1510
1292
1296
1511
1293
1297
1512
1294
1298
1513
1299
1514
1296
1300
1515
1297
1301
1516
1298
1302
1517
1299
1303
1518
1304
1519
1301
1305
1520
1302
1306
1521
1303
1307
1522
1304
1308
1523
1309
1524
1306
1310
1525
1307
1311
1526
1308
1312
1527
1309
1313
1528
1314
1529
1311
1315
1530
1312
1316
1531
1313
1317
1532
1314
1318
1533
1319
1534
1316
1535
1317
1536
1318
1537
1319
1538
1539
1321
1325
1540
1322
1326
1541
1323
1327
1542
1324
1328
1543
1329
1544
1326
1330
1545
1327
1331
1546
1328
1332
1547
1329
1333
1548
1334
1549
1331
1335
1550
1332
1336
1551
1333
1337
1552
1334
1338
1553
1339
1554
1336
1340
1555
1337
1341
1556
1338
1342
1557
1339
1343
1558
1344
1559
1341
1345
1560
1342
1346
1561
1343
1347
1562
1344
1348
1563
1349
1564
1346
1350
1565
1347
1351
1566
1348
1352
1567
1349
1353
1568
1354
1569
1351
1355
1570
1352
1356
1571
1353
1357
1572
1354
1358
1573
1359
1574
1356
1360
1575
1357
1361
1576
1358
1362
1577
1359
1363
1578
1364
1579
1361
1365
1580
1362
1366
1581
1363
1367
1582
1364
1368
1583
1369
1584
1366
1370
1585
1367
1371
1586
1368
1372
1587
1369
1373
1588
1374
1589
1371
1375
1590
1372
1376
1591
1373
1377
1592
1374
1378
1593
1379
1594
1376
1380
1595
1377
1381
1596
1378
1382
1597
1379
1383
1598
1384
1599
1381
1385
1600
1382
1386
1601
1383
1387
1602
1384
1388
1603
1389
1604
1386
1390
1605
1387
1391
1606
1388
1392
1607
1389
1393
1608
1394
1609
1391
1395
1610
1392
1396
1611
1393
1397
1612
1394
1398
1613
1399
1614
1396
1400
1615
1397
1401
1616
1398
1402
1617
1399
1403
1618
1404
1619
1401
1405
1620
1402
1406
1621
1403
1407
1622
1404
1408
1623
1409
1624
1406
1410
1625
1407
1411
1626
1408
1412
1627
1409
1413
1628
1414
1629
1411
1415
1630
1412
1416
1631
1413
1417
1632
1414
1418
1633
1419
1634
1416
1420
1635
1417
1421
1636
1418
1422
1637
1419
1423
1638
1424
1639
1421
1425
1640
1422
1426
1641
1423
1427
1642
1424
1428
1643
1429
1644
1426
1430
1645
1427
1431
1646
1428
1432
1647
1429
1433
1648
1434
1649
1431
1435
1650
1432
1436
1651
1433
1437
1652
1434
1438
1653
1439
1654
1436
1440
1655
1437
1441
1656
1438
1442
1657
1439
1443
1658
1444
1659
1441
1445
1660
1442
1446
1661
1443
1447
1662
1444
1448
1663
1449
1664
1446
1450
1665
1447
1451
1666
1448
1452
1667
1449
1453
1668
1454
1669
1451
1455
1670
1452
1456
1671
1453
1457
1672
1454
1458
1673
1459
1674
1456
1460
1675
1457
1461
1676
1458
1462
1677
1459
1463
1678
1464
1679
1461
1465
1680
1462
1466
1681
1463
1467
1682
1464
1468
1683
1469
1684
1466
1470
1685
1467
1471
1686
1468
1472
1687
1469
1473
1688
1474
1689
1471
1475
1690
1472
1476
1691
1473
1477
1692
1474
1478
1693
1479
1694
1476
1480
1695
1477
1481
1696
1478
1482
1697
1479
1483
1698
1484
1699
1481
1485
1700
1482
1486
1701
1483
1487
1702
1484
1488
1703
1489
1704
1486
1490
1705
1487
1491
1706
1488
1492
1707
1489
1493
1708
1494
1709
1491
1495
1710
1492
1496
1711
1493
1497
1712
1494
1498
1713
1499
1714
1496
1500
1715
1497
1501
1716
1498
1502
1717
1499
1503
1718
1504
1719
1501
1505
1720
1502
1506
1721
1503
1507
1722
1504
1508
1723
1509
1724
1506
1510
1725
1507
1511
1726
1508
1512
1727
1509
1513
1728
1514
1729
1511
1515
1730
1512
1516
1731
1513
1517
1732
1514
1518
1733
1519
1734
1516
1520
1735
1517
1521
1736
1518
1522
1737
1519
1523
1738
1524
1739
1521
1525
1740
1522
1526
1741
1523
1527
1742
1524
1528
1743
1529
1744
1526
1530
1745
1527
1531
1746
1528
1532
1747
1529
1533
1748
1534
1749
1531
1535
1750
1532
1536
1751
1533
1537
1752
1534
1538
1753
1539
1754
1536
1755
1537
1756
1538
1757
1539
1758
1759
1541
1545
1760
1542
1546
1761
1543
1547
1762
1544
1548
1763
1549
1764
1546
1550
1765
1547
1551
1766
1548
1552
1767
1549
1553
1768
1554
1769
1551
1555
1770
1552
1556
1771
1553
1557
1772
1554
1558
1773
1559
1774
1556
1560
1775
1557
1561
1776
1558
1562
1777
1559
1563
1778
1564
1779
1561
1565
1780
1562
1566
1781
1563
1567
1782
1564
1568
1783
1569
1784
1566
1570
1785
1567
1571
1786
1568
1572
1787
1569
1573
1788
1574
1789
1571
1575
1790
1572
1576
1791
1573
1577
1792
1574
1578
1793
1579
1794
1576
1580
1795
1577
1581
1796
1578
1582
1797
1579
1583
1798
1584
1799
1581
1585
1800
1582
1586
1801
1583
1587
1802
1584
1588
1803
1589
1804
1586
1590
1805
1587
1591
1806
1588
1592
1807
1589
1593
1808
1594
1809
1591
1595
1810
1592
1596
1811
1593
1597
1812
1594
1598
1813
1599
1814
1596
1600
1815
1597
1601
1816
1598
1602
1817
1599
1603
1818
1604
1819
1601
1605
1820
1602
1606
1821
1603
1607
1822
1604
1608
1823
1609
1824
1606
1610
1825
1607
1611
1826
1608
1612
1827
1609
1613
1828
1614
1829
1611
1615
1830
1612
1616
1831
1613
1617
1832
1614
1618
1833
1619
1834
1616
1620
1835
1617
1621
1836
1618
1622
1837
1619
1623
1838
1624
1839
1621
1625
1840
1622
1626
1841
1623
1627
1842
1624
1628
1843
1629
1844
1626
1630
1845
1627
1631
1846
1628
1632
1847
1629
1633
1848
1634
1849
1631
1635
1850
1632
1636
1851
1633
1637
1852
1634
1638
1853
1639
1854
1636
1640
1855
1637
1641
1856
1638
1642
1857
1639
1643
1858
1644
1859
1641
1645
1860
1642
1646
1861
1643
1647
1862
1644
1648
1863
1649
1864
1646
1650
1865
1647
1651
1866
1648
1652
1867
1649
1653
1868
1654
1869
1651
1655
1870
1652
1656
1871
1653
1657
1872
1654
1658
1873
1659
1874
1656
1660
1875
1657
1661
1876
1658
1662
1877
1659
1663
1878
1664
1879
1661
1665
1880
1662
1666
1881
1663
1667
1882
1664
1668
1883
1669
1884
1666
1670
1885
1667
1671
1886
1668
1672
1887
1669
1673
1888
1674
1889
1671
1675
1890
1672
1676
1891
1673
1677
1892
1674
1678
1893
1679
1894
1676
1680
1895
1677
1681
1896
1678
1682
1897
1679
1683
1898
1684
1899
1681
1685
1900
1682
1686
1901
1683
1687
1902
1684
1688
1903
1689
1904
1686
1690
1905
1687
1691
1906
1688
1692
1907
1689
1693
1908
1694
1909
1691
1695
1910
1692
1696
1911
1693
1697
1912
1694
1698
1913
1699
1914
1696
1700
1915
1697
1701
1916
1698
1702
1917
1699
1703
1918
1704
1919
1701
1705
1920
1702
1706
1921
1703
1707
1922
1704
1708
1923
1709
1924
1706
1710
1925
1707
1711
1926
1708
1712
1927
1709
1713
1928
1714
1929
1711
1715
1930
1712
1716
1931
1713
1717
1932
1714
1718
1933
1719
1934
1716
1720
1935
1717
1721
1936
1718
1722
1937
1719
1723
1938
1724
1939
1721
1725
1940
1722
1726
1941
1723
1727
1942
1724
1728
1943
1729
1944
1726
1730
1945
1727
1731
1946
1728
1732
1947
1729
1733
1948
1734
1949
1731
1735
1950
1732
1736
1951
1733
1737
1952
1734
1738
1953
1739
1954
1736
1740
1955
1737
1741
1956
1738
1742
1957
1739
1743
1958
1744
1959
1741
1745
1960
1742
1746
1961
1743
1747
1962
1744
1748
1963
1749
1964
1746
1750
1965
1747
1751
1966
1748
1752
1967
1749
1753
1968
1754
1969
1751
1755
1970
1752
1756
1971
1753
1757
1972
1754
1758
1973
1759
1974
1756
1975
1757
1976
1758
1977
1759
1978
1979
1761
1765
1980
1762
1766
1981
1763
1767
1982
1764
1768
1983
1769
1984
1766
1770
1985
1767
1771
1986
1768
1772
1987
1769
1773
1988
1774
1989
1771
1775
1990
1772
1776
1991
1773
1777
1992
1774
1778
1993
1779
1994
1776
1780
1995
1777
1781
1996
1778
1782
1997
1779
1783
1998
1784
1999
1781
1785
2000
1782
1786
2001
1783
1787
2002
1784
1788
2003
1789
2004
1786
1790
2005
1787
1791
2006
1788
1792
2007
1789
1793
2008
1794
2009
1791
1795
2010
1792
1796
2011
1793
1797
2012
1794
1798
2013
1799
2014
1796
1800
2015
1797
1801
2016
1798
1802
2017
1799
1803
2018
1804
2019
1801
1805
2020
1802
1806
2021
1803
1807
2022
1804
1808
2023
1809
2024
1806
1810
2025
1807
1811
2026
1808
1812
2027
1809
1813
2028
1814
2029
1811
1815
2030
1812
1816
2031
1813
1817
2032
1814
1818
2033
1819
2034
1816
1820
2035
1817
1821
2036
1818
1822
2037
1819
1823
2038
1824
2039
1821
1825
2040
1822
1826
2041
1823
1827
2042
1824
1828
2043
1829
2044
1826
1830
2045
1827
1831
2046
1828
1832
2047
1829
1833
2048
1834
2049
1831
1835
2050
1832
1836
2051
1833
1837
2052
1834
1838
2053
1839
2054
1836
1840
2055
1837
1841
2056
1838
1842
2057
1839
1843
2058
1844
2059
1841
1845
2060
1842
1846
2061
1843
1847
2062
1844
1848
2063
1849
2064
1846
1850
2065
1847
1851
2066
1848
1852
2067
1849
1853
2068
1854
2069
1851
1855
2070
1852
1856
2071
1853
1857
2072
1854
1858
2073
1859
2074
1856
1860
2075
1857
1861
2076
1858
1862
2077
1859
1863
2078
1864
2079
1861
1865
2080
1862
1866
2081
1863
1867
2082
1864
1868
2083
1869
2084
1866
1870
2085
1867
1871
2086
1868
1872
2087
1869
1873
2088
1874
2089
1871
1875
2090
1872
1876
2091
1873
1877
2092
1874
1878
2093
1879
2094
1876
1880
2095
1877
1881
2096
1878
1882
2097
1879
1883
2098
1884
2099
1881
1885
2100
1882
1886
2101
1883
1887
2102
1884
1888
2103
1889
2104
1886
1890
2105
1887
1891
2106
1888
1892
2107
1889
1893
2108
1894
2109
1891
1895
2110
1892
1896
2111
1893
1897
2112
1894
1898
2113
1899
2114
1896
1900
2115
1897
1901
2116
1898
1902
2117
1899
1903
2118
1904
2119
1901
1905
2120
1902
1906
2121
1903
1907
2122
1904
1908
2123
1909
2124
1906
1910
2125
1907
1911
2126
1908
1912
2127
1909
1913
2128
1914
2129
1911
1915
2130
1912
1916
2131
1913
1917
2132
1914
1918
2133
1919
2134
1916
1920
2135
1917
1921
2136
1918
1922
2137
1919
1923
2138
1924
2139
1921
1925
2140
1922
1926
2141
1923
1927
2142
1924
1928
2143
1929
2144
1926
1930
2145
1927
1931
2146
1928
1932
2147
1929
1933
2148
1934
2149
1931
1935
2150
1932
1936
2151
1933
1937
2152
1934
1938
2153
1939
2154
1936
1940
2155
1937
1941
2156
1938
1942
2157
1939
1943
2158
1944
2159
1941
1945
2160
1942
1946
2161
1943
1947
2162
1944
1948
2163
1949
2164
1946
1950
2165
1947
1951
2166
1948
1952
2167
1949
1953
2168
1954
2169
1951
1955
2170
1952
1956
2171
1953
1957
2172
1954
1958
2173
1959
2174
1956
1960
2175
1957
1961
2176
1958
1962
2177
1959
1963
2178
1964
2179
1961
1965
2180
1962
1966
2181
1963
1967
2182
1964
1968
2183
1969
2184
1966
1970
2185
1967
1971
2186
1968
1972
2187
1969
1973
2188
1974
2189
1971
1975
2190
1972
1976
2191
1973
1977
2192
1974
1978
2193
1979
2194
1976
2195
1977
2196
1978
2197
1979
2198
2199
1981
1985
2200
1982
1986
2201
1983
1987
2202
1984
1988
2203
1989
2204
1986
1990
2205
1987
1991
2206
1988
1992
2207
1989
1993
2208
1994
2209
1991
1995
2210
1992
1996
2211
1993
1997
2212
1994
1998
2213
1999
2214
1996
2000
2215
1997
2001
2216
1998
2002
2217
1999
2003
2218
2004
2219
2001
2005
2220
2002
2006
2221
2003
2007
2222
2004
2008
2223
2009
2224
2006
2010
2225
2007
2011
2226
2008
2012
2227
2009
2013
2228
2014
2229
2011
2015
2230
2012
2016
2231
2013
2017
2232
2014
2018
2233
2019
2234
2016
2020
2235
2017
2021
2236
2018
2022
2237
2019
2023
2238
2024
2239
2021
2025
2240
2022
2026
2241
2023
2027
2242
2024
2028
2243
2029
2244
2026
2030
2245
2027
2031
2246
2028
2032
2247
2029
2033
2248
2034
2249
2031
2035
2250
2032
2036
2251
2033
2037
2252
2034
2038
2253
2039
2254
2036
2040
2255
2037
2041
2256
2038
2042
2257
2039
2043
2258
2044
2259
2041
2045
2260
2042
2046
2261
2043
2047
2262
2044
2048
2263
2049
2264
2046
2050
2265
2047
2051
2266
2048
2052
2267
2049
2053
2268
2054
2269
2051
2055
2270
2052
2056
2271
2053
2057
2272
2054
2058
2273
2059
2274
2056
2060
2275
2057
2061
2276
2058
2062
2277
2059
2063
2278
2064
2279
2061
2065
2280
2062
2066
2281
2063
2067
2282
2064
2068
2283
2069
2284
2066
2070
2285
2067
2071
2286
2068
2072
2287
2069
2073
2288
2074
2289
2071
2075
2290
2072
2076
2291
2073
2077
2292
2074
2078
2293
2079
2294
2076
2080
2295
2077
2081
2296
2078
2082
2297
2079
2083
2298
2084
2299
2081
2085
2300
2082
2086
2301
2083
2087
2302
2084
2088
2303
2089
2304
2086
2090
2305
2087
2091
2306
2088
2092
2307
2089
2093
2308
2094
2309
2091
2095
2310
2092
2096
2311
2093
2097
2312
2094
2098
2313
2099
2314
2096
2100
2315
2097
2101
2316
2098
2102
2317
2099
2103
2318
2104
2319
2101
2105
2320
2102
2106
2321
2103
2107
2322
2104
2108
2323
2109
2324
2106
2110
2325
2107
2111
2326
2108
2112
2327
2109
2113
2328
2114
2329
2111
2115
2330
2112
2116
2331
2113
2117
2332
2114
2118
2333
2119
2334
2116
2120
2335
2117
2121
2336
2118
2122
2337
2119
2123
2338
2124
2339
2121
2125
2340
2122
2126
2341
2123
2127
2342
2124
2128
2343
2129
2344
2126
2130
2345
2127
2131
2346
2128
2132
2347
2129
2133
2348
2134
2349
2131
2135
2350
2132
2136
2351
2133
2137
2352
2134
2138
2353
2139
2354
2136
2140
2355
2137
2141
2356
2138
2142
2357
2139
2143
2358
2144
2359
2141
2145
2360
2142
2146
2361
2143
2147
2362
2144
2148
2363
2149
2364
2146
2150
2365
2147
2151
2366
2148
2152
2367
2149
2153
2368
2154
2369
2151
2155
2370
2152
2156
2371
2153
2157
2372
2154
2158
2373
2159
2374
2156
2160
2375
2157
2161
2376
2158
2162
2377
2159
2163
2378
2164
2379
2161
2165
2380
2162
2166
2381
2163
2167
2382
2164
2168
2383
2169
2384
2166
2170
2385
2167
2171
2386
2168
2172
2387
2169
2173
2388
2174
2389
2171
2175
2390
2172
2176
2391
2173
2177
2392
2174
2178
2393
2179
2394
2176
2180
2395
2177
2181
2396
2178
2182
2397
2179
2183
2398
2184
2399
2181
2185
2400
2182
2186
2401
2183
2187
2402
2184
2188
2403
2189
2404
2186
2190
2405
2187
2191
2406
2188
2192
2407
2189
2193
2408
2194
2409
2191
2195
2410
2192
2196
2411
2193
2197
2412
2194
2198
2413
2199
2414
2196
2415
2197
2416
2198
2417
2199
2418
2419
2201
2205
2420
2202
2206
2421
2203
2207
2422
2204
2208
2423
2209
2424
2206
2210
2425
2207
2211
2426
2208
2212
2427
2209
2213
2428
2214
2429
2211
2215
2430
2212
2216
2431
2213
2217
2432
2214
2218
2433
2219
2434
2216
2220
2435
2217
2221
2436
2218
2222
2437
2219
2223
2438
2224
2439
2221
2225
2440
2222
2226
2441
2223
2227
2442
2224
2228
2443
2229
2444
2226
2230
2445
2227
2231
2446
2228
2232
2447
2229
2233
2448
2234
2449
2231
2235
2450
2232
2236
2451
2233
2237
2452
2234
2238
2453
2239
2454
2236
2240
2455
2237
2241
2456
2238
2242
2457
2239
2243
2458
2244
2459
2241
2245
2460
2242
2246
2461
2243
2247
2462
2244
2248
2463
2249
2464
2246
2250
2465
2247
2251
2466
2248
2252
2467
2249
2253
2468
2254
2469
2251
2255
2470
2252
2256
2471
2253
2257
2472
2254
2258
2473
2259
2474
2256
2260
2475
2257
2261
2476
2258
2262
2477
2259
2263
2478
2264
2479
2261
2265
2480
2262
2266
2481
2263
2267
2482
2264
2268
2483
2269
2484
2266
2270
2485
2267
2271
2486
2268
2272
2487
2269
2273
2488
2274
2489
2271
2275
2490
2272
2276
2491
2273
2277
2492
2274
2278
2493
2279
2494
2276
2280
2495
2277
2281
2496
2278
2282
2497
2279
2283
2498
2284
2499
2281
2285
2500
2282
2286
2501
2283
2287
2502
2284
2288
2503
2289
2504
2286
2290
2505
2287
2291
2506
2288
2292
2507
2289
2293
2508
2294
2509
2291
2295
2510
2292
2296
2511
2293
2297
2512
2294
2298
2513
2299
2514
2296
2300
2515
2297
2301
2516
2298
2302
2517
2299
2303
2518
2304
2519
2301
2305
2520
2302
2306
2521
2303
2307
2522
2304
2308
2523
2309
2524
2306
2310
2525
2307
2311
2526
2308
2312
2527
2309
2313
2528
2314
2529
2311
2315
2530
2312
2316
2531
2313
2317
2532
2314
2318
2533
2319
2534
2316
2320
2535
2317
2321
2536
2318
2322
2537
2319
2323
2538
2324
2539
2321
2325
2540
2322
2326
2541
2323
2327
2542
2324
2328
2543
2329
2544
2326
2330
2545
2327
2331
2546
2328
2332
2547
2329
2333
2548
2334
2549
2331
2335
2550
2332
2336
2551
2333
2337
2552
2334
2338
2553
2339
2554
2336
2340
2555
2337
2341
2556
2338
2342
2557
2339
2343
2558
2344
2559
2341
2345
2560
2342
2346
2561
2343
2347
2562
2344
2348
2563
2349
2564
2346
2350
2565
2347
2351
2566
2348
2352
2567
2349
2353
2568
2354
2569
2351
2355
2570
2352
2356
2571
2353
2357
2572
2354
2358
2573
2359
2574
2356
2360
2575
2357
2361
2576
2358
2362
2577
2359
2363
2578
2364
2579
2361
2365
2580
2362
2366
2581
2363
2367
2582
2364
2368
2583
2369
2584
2366
2370
2585
2367
2371
2586
2368
2372
2587
2369
2373
2588
2374
2589
2371
2375
2590
2372
2376
2591
2373
2377
2592
2374
2378
2593
2379
2594
2376
2380
2595
2377
2381
2596
2378
2382
2597
2379
2383
2598
2384
2599
2381
2385
2600
2382
2386
2601
2383
2387
2602
2384
2388
2603
2389
2604
2386
2390
2605
2387
2391
2606
2388
2392
2607
2389
2393
2608
2394
2609
2391
2395
2610
2392
2396
2611
2393
2397
2612
2394
2398
2613
2399
2614
2396
2400
2615
2397
2401
2616
2398
2402
2617
2399
2403
2618
2404
2619
2401
2405
2620
2402
2406
2621
2403
2407
2622
2404
2408
2623
2409
2624
2406
2410
2625
2407
2411
2626
2408
2412
2627
2409
2413
2628
2414
2629
2411
2415
2630
2412
2416
2631
2413
2417
2632
2414
2418
2633
2419
2634
2416
2635
2417
2636
2418
2637
2419
2638
2639
2421
2425
2640
2422
2426
2641
2423
2427
2642
2424
2428
2643
2429
2644
2426
2430
2645
2427
2431
2646
2428
2432
2647
2429
2433
2648
2434
2649
2431
2435
2650
2432
2436
2651
2433
2437
2652
2434
2438
2653
2439
2654
2436
2440
2655
2437
2441
2656
2438
2442
2657
2439
2443
2658
2444
2659
2441
2445
2660
2442
2446
2661
2443
2447
2662
2444
2448
2663
2449
2664
2446
2450
2665
2447
2451
2666
2448
2452
2667
2449
2453
2668
2454
2669
2451
2455
2670
2452
2456
2671
2453
2457
2672
2454
2458
2673
2459
2674
2456
2460
2675
2457
2461
2676
2458
2462
2677
2459
2463
2678
2464
2679
2461
2465
2680
2462
2466
2681
2463
2467
2682
2464
2468
2683
2469
2684
2466
2470
2685
2467
2471
2686
2468
2472
2687
2469
2473
2688
2474
2689
2471
2475
2690
2472
2476
2691
2473
2477
2692
2474
2478
2693
2479
2694
2476
2480
2695
2477
2481
2696
2478
2482
2697
2479
2483
2698
2484
2699
2481
2485
2700
2482
2486
2701
2483
2487
2702
2484
2488
2703
2489
2704
2486
2490
2705
2487
2491
2706
2488
2492
2707
2489
2493
2708
2494
2709
2491
2495
2710
2492
2496
2711
2493
2497
2712
2494
2498
2713
2499
2714
2496
2500
2715
2497
2501
2716
2498
2502
2717
2499
2503
2718
2504
2719
2501
2505
2720
2502
2506
2721
2503
2507
2722
2504
2508
2723
2509
2724
2506
2510
2725
2507
2511
2726
2508
2512
2727
2509
2513
2728
2514
2729
2511
2515
2730
2512
2516
2731
2513
2517
2732
2514
2518
2733
2519
2734
2516
2520
2735
2517
2521
2736
2518
2522
2737
2519
2523
2738
2524
2739
2521
2525
2740
2522
2526
2741
2523
2527
2742
2524
2528
2743
2529
2744
2526
2530
2745
2527
2531
2746
2528
2532
2747
2529
2533
2748
2534
2749
2531
2535
2750
2532
2536
2751
2533
2537
2752
2534
2538
2753
2539
2754
2536
2540
2755
2537
2541
2756
2538
2542
2757
2539
2543
2758
2544
2759
2541
2545
2760
2542
2546
2761
2543
2547
2762
2544
2548
2763
2549
2764
2546
2550
2765
2547
2551
2766
2548
2552
2767
2549
2553
2768
2554
2769
2551
2555
2770
2552
2556
2771
2553
2557
2772
2554
2558
2773
2559
2774
2556
2560
2775
2557
2561
2776
2558
2562
2777
2559
2563
2778
2564
2779
2561
2565
2780
2562
2566
2781
2563
2567
2782
2564
2568
2783
2569
2784
2566
2570
2785
2567
2571
2786
2568
2572
2787
2569
2573
2788
2574
2789
2571
2575
2790
2572
2576
2791
2573
2577
2792
2574
2578
2793
2579
2794
2576
2580
2795
2577
2581
2796
2578
2582
2797
2579
2583
2798
2584
2799
2581
2585
2800
2582
2586
2801
2583
2587
2802
2584
2588
2803
2589
2804
2586
2590
2805
2587
2591
2806
2588
2592
2807
2589
2593
2808
2594
2809
2591
2595
2810
2592
2596
2811
2593
2597
2812
2594
2598
2813
2599
2814
2596
2600
2815
2597
2601
2816
2598
2602
2817
2599
2603
2818
2604
2819
2601
2605
2820
2602
2606
2821
2603
2607
2822
2604
2608
2823
2609
2824
2606
2610
2825
2607
2611
2826
2608
2612
2827
2609
2613
2828
2614
2829
2611
2615
2830
2612
2616
2831
2613
2617
2832
2614
2618
2833
2619
2834
2616
2620
2835
2617
2621
2836
2618
2622
2837
2619
2623
2838
2624
2839
2621
2625
2840
2622
2626
2841
2623
2627
2842
2624
2628
2843
2629
2844
2626
2630
2845
2627
2631
2846
2628
2632
2847
2629
2633
2848
2634
2849
2631
2635
2850
2632
2636
2851
2633
2637
2852
2634
2638
2853
2639
2854
2636
2855
2637
2856
2638
2857
2639
2858
2859
2641
2645
2860
2642
2646
2861
2643
2647
2862
2644
2648
2863
2649
2864
2646
2650
2865
2647
2651
2866
2648
2652
2867
2649
2653
2868
2654
2869
2651
2655
2870
2652
2656
2871
2653
2657
2872
2654
2658
2873
2659
2874
2656
2660
2875
2657
2661
2876
2658
2662
2877
2659
2663
2878
2664
2879
2661
2665
2880
2662
2666
2881
2663
2667
2882
2664
2668
2883
2669
2884
2666
2670
2885
2667
2671
2886
2668
2672
2887
2669
2673
2888
2674
2889
2671
2675
2890
2672
2676
2891
2673
2677
2892
2674
2678
2893
2679
2894
2676
2680
2895
2677
2681
2896
2678
2682
2897
2679
2683
2898
2684
2899
2681
2685
2900
2682
2686
2901
2683
2687
2902
2684
2688
2903
2689
2904
2686
2690
2905
2687
2691
2906
2688
2692
2907
2689
2693
2908
2694
2909
2691
2695
2910
2692
2696
2911
2693
2697
2912
2694
2698
2913
2699
2914
2696
2700
2915
2697
2701
2916
2698
2702
2917
2699
2703
2918
2704
2919
2701
2705
2920
2702
2706
2921
2703
2707
2922
2704
2708
2923
2709
2924
2706
2710
2925
2707
2711
2926
2708
2712
2927
2709
2713
2928
2714
2929
2711
2715
2930
2712
2716
2931
2713
2717
2932
2714
2718
2933
2719
2934
2716
2720
2935
2717
2721
2936
2718
2722
2937
2719
2723
2938
2724
2939
2721
2725
2940
2722
2726
2941
2723
2727
2942
2724
2728
2943
2729
2944
2726
2730
2945
2727
2731
2946
2728
2732
2947
2729
2733
2948
2734
2949
2731
2735
2950
2732
2736
2951
2733
2737
2952
2734
2738
2953
2739
2954
2736
2740
2955
2737
2741
2956
2738
2742
2957
2739
2743
2958
2744
2959
2741
2745
2960
2742
2746
2961
2743
2747
2962
2744
2748
2963
2749
2964
2746
2750
2965
2747
2751
2966
2748
2752
2967
2749
2753
2968
2754
2969
2751
2755
2970
2752
2756
2971
2753
2757
2972
2754
2758
2973
2759
2974
2756
2760
2975
2757
2761
2976
2758
2762
2977
2759
2763
2978
2764
2979
2761
2765
2980
2762
2766
2981
2763
2767
2982
2764
2768
2983
2769
2984
2766
2770
2985
2767
2771
2986
2768
2772
2987
2769
2773
2988
2774
2989
2771
2775
2990
2772
2776
2991
2773
2777
2992
2774
2778
2993
2779
2994
2776
2780
2995
2777
2781
2996
2778
2782
2997
2779
2783
2998
2784
2999
2781
2785
3000
2782
2786
3001
2783
2787
3002
2784
2788
3003
2789
3004
2786
2790
3005
2787
2791
3006
2788
2792
3007
2789
2793
3008
2794
3009
2791
2795
3010
2792
2796
3011
2793
2797
3012
2794
2798
3013
2799
3014
2796
2800
3015
2797
2801
3016
2798
2802
3017
2799
2803
3018
2804
3019
2801
2805
3020
2802
2806
3021
2803
2807
3022
2804
2808
3023
2809
3024
2806
2810
3025
2807
2811
3026
2808
2812
3027
2809
2813
3028
2814
3029
2811
2815
3030
2812
2816
3031
2813
2817
3032
2814
2818
3033
2819
3034
2816
2820
3035
2817
2821
3036
2818
2822
3037
2819
2823
3038
2824
3039
2821
2825
3040
2822
2826
3041
2823
2827
3042
2824
2828
3043
2829
3044
2826
2830
3045
2827
2831
3046
2828
2832
3047
2829
2833
3048
2834
3049
2831
2835
3050
2832
2836
3051
2833
2837
3052
2834
2838
3053
2839
3054
2836
2840
3055
2837
2841
3056
2838
2842
3057
2839
2843
3058
2844
3059
2841
2845
3060
2842
2846
3061
2843
2847
3062
2844
2848
3063
2849
3064
2846
2850
3065
2847
2851
3066
2848
2852
3067
2849
2853
3068
2854
3069
2851
2855
3070
2852
2856
3071
2853
2857
3072
2854
2858
3073
2859
3074
2856
3075
2857
3076
2858
3077
2859
3078
3079
2861
2865
3080
2862
2866
3081
2863
2867
3082
2864
2868
3083
2869
3084
2866
2870
3085
2867
2871
3086
2868
2872
3087
2869
2873
3088
2874
3089
2871
2875
3090
2872
2876
3091
2873
2877
3092
2874
2878
3093
2879
3094
2876
2880
3095
2877
2881
3096
2878
2882
3097
2879
2883
3098
2884
3099
2881
2885
3100
2882
2886
3101
2883
2887
3102
2884
2888
3103
2889
3104
2886
2890
3105
2887
2891
3106
2888
2892
3107
2889
2893
3108
2894
3109
2891
2895
3110
2892
2896
3111
2893
2897
3112
2894
2898
3113
2899
3114
2896
2900
3115
2897
2901
3116
2898
2902
3117
2899
2903
3118
2904
3119
2901
2905
3120
2902
2906
3121
2903
2907
3122
2904
2908
3123
2909
3124
2906
2910
3125
2907
2911
3126
2908
2912
3127
2909
2913
3128
2914
3129
2911
2915
3130
2912
2916
3131
2913
2917
3132
2914
2918
3133
2919
3134
2916
2920
3135
2917
2921
3136
2918
2922
3137
2919
2923
3138
2924
3139
2921
2925
3140
2922
2926
3141
2923
2927
3142
2924
2928
3143
2929
3144
2926
2930
3145
2927
2931
3146
2928
2932
3147
2929
2933
3148
2934
3149
2931
2935
3150
2932
2936
3151
2933
2937
3152
2934
2938
3153
2939
3154
2936
2940
3155
2937
2941
3156
2938
2942
3157
2939
2943
3158
2944
3159
2941
2945
3160
2942
2946
3161
2943
2947
3162
2944
2948
3163
2949
3164
2946
2950
3165
2947
2951
3166
2948
2952
3167
2949
2953
3168
2954
3169
2951
2955
3170
2952
2956
3171
2953
2957
3172
2954
2958
3173
2959
3174
2956
2960
3175
2957
2961
3176
2958
2962
3177
2959
2963
3178
2964
3179
2961
2965
3180
2962
2966
3181
2963
2967
3182
2964
2968
3183
2969
3184
2966
2970
3185
2967
2971
3186
2968
2972
3187
2969
2973
3188
2974
3189
2971
2975
3190
2972
2976
3191
2973
2977
3192
2974
2978
3193
2979
3194
2976
2980
3195
2977
2981
3196
2978
2982
3197
2979
2983
3198
2984
3199
2981
2985
3200
2982
2986
3201
2983
2987
3202
2984
2988
3203
2989
3204
2986
2990
3205
2987
2991
3206
2988
2992
3207
2989
2993
3208
2994
3209
2991
2995
3210
2992
2996
3211
2993
2997
3212
2994
2998
3213
2999
3214
2996
3000
3215
2997
3001
3216
2998
3002
3217
2999
3003
3218
3004
3219
3001
3005
3220
3002
3006
3221
3003
3007
3222
3004
3008
3223
3009
3224
3006
3010
3225
3007
3011
3226
3008
3012
3227
3009
3013
3228
3014
3229
3011
3015
3230
3012
3016
3231
3013
3017
3232
3014
3018
3233
3019
3234
3016
3020
3235
3017
3021
3236
3018
3022
3237
3019
3023
3238
3024
3239
3021
3025
3240
3022
3026
3241
3023
3027
3242
3024
3028
3243
3029
3244
3026
3030
3245
3027
3031
3246
3028
3032
3247
3029
3033
3248
3034
3249
3031
3035
3250
3032
3036
3251
3033
3037
3252
3034
3038
3253
3039
3254
3036
3040
3255
3037
3041
3256
3038
3042
3257
3039
3043
3258
3044
3259
3041
3045
3260
3042
3046
3261
3043
3047
3262
3044
3048
3263
3049
3264
3046
3050
3265
3047
3051
3266
3048
3052
3267
3049
3053
3268
3054
3269
3051
3055
3270
3052
3056
3271
3053
3057
3272
3054
3058
3273
3059
3274
3056
3060
3275
3057
3061
3276
3058
3062
3277
3059
3063
3278
3064
3279
3061
3065
3280
3062
3066
3281
3063
3067
3282
3064
3068
3283
3069
3284
3066
3070
3285
3067
3071
3286
3068
3072
3287
3069
3073
3288
3074
3289
3071
3075
3290
3072
3076
3291
3073
3077
3292
3074
3078
3293
3079
3294
3076
3295
3077
3296
3078
3297
3079
3298
3299
3081
3085
3300
3082
3086
3301
3083
3087
3302
3084
3088
3303
3089
3304
3086
3090
3305
3087
3091
3306
3088
3092
3307
3089
3093
3308
3094
3309
3091
3095
3310
3092
3096
3311
3093
3097
3312
3094
3098
3313
3099
3314
3096
3100
3315
3097
3101
3316
3098
3102
3317
3099
3103
3318
3104
3319
3101
3105
3320
3102
3106
3321
3103
3107
3322
3104
3108
3323
3109
3324
3106
3110
3325
3107
3111
3326
3108
3112
3327
3109
3113
3328
3114
3329
3111
3115
3330
3112
3116
3331
3113
3117
3332
3114
3118
3333
3119
3334
3116
3120
3335
3117
3121
3336
3118
3122
3337
3119
3123
3338
3124
3339
3121
3125
3340
3122
3126
3341
3123
3127
3342
3124
3128
3343
3129
3344
3126
3130
3345
3127
3131
3346
3128
3132
3347
3129
3133
3348
3134
3349
3131
3135
3350
3132
3136
3351
3133
3137
3352
3134
3138
3353
3139
3354
3136
3140
3355
3137
3141
3356
3138
3142
3357
3139
3143
3358
3144
3359
3141
3145
3360
3142
3146
3361
3143
3147
3362
3144
3148
3363
3149
3364
3146
3150
3365
3147
3151
3366
3148
3152
3367
3149
3153
3368
3154
3369
3151
3155
3370
3152
3156
3371
3153
3157
3372
3154
3158
3373
3159
3374
3156
3160
3375
3157
3161
3376
3158
3162
3377
3159
3163
3378
3164
3379
3161
3165
3380
3162
3166
3381
3163
3167
3382
3164
3168
3383
3169
3384
3166
3170
3385
3167
3171
3386
3168
3172
3387
3169
3173
3388
3174
3389
3171
3175
3390
3172
3176
3391
3173
3177
3392
3174
3178
3393
3179
3394
3176
3180
3395
3177
3181
3396
3178
3182
3397
3179
3183
3398
3184
3399
3181
3185
3400
3182
3186
3401
3183
3187
3402
3184
3188
3403
3189
3404
3186
3190
3405
3187
3191
3406
3188
3192
3407
3189
3193
3408
3194
3409
3191
3195
3410
3192
3196
3411
3193
3197
3412
3194
3198
3413
3199
3414
3196
3200
3415
3197
3201
3416
3198
3202
3417
3199
3203
3418
3204
3419
3201
3205
3420
3202
3206
3421
3203
3207
3422
3204
3208
3423
3209
3424
3206
3210
3425
3207
3211
3426
3208
3212
3427
3209
3213
3428
3214
3429
3211
3215
3430
3212
3216
3431
3213
3217
3432
3214
3218
3433
3219
3434
3216
3220
3435
3217
3221
3436
3218
3222
3437
3219
3223
3438
3224
3439
3221
3225
3440
3222
3226
3441
3223
3227
3442
3224
3228
3443
3229
3444
3226
3230
3445
3227
3231
3446
3228
3232
3447
3229
3233
3448
3234
3449
3231
3235
3450
3232
3236
3451
3233
3237
3452
3234
3238
3453
3239
3454
3236
3240
3455
3237
3241
3456
3238
3242
3457
3239
3243
3458
3244
3459
3241
3245
3460
3242
3246
3461
3243
3247
3462
3244
3248
3463
3249
3464
3246
3250
3465
3247
3251
3466
3248
3252
3467
3249
3253
3468
3254
3469
3251
3255
3470
3252
3256
3471
3253
3257
3472
3254
3258
3473
3259
3474
3256
3260
3475
3257
3261
3476
3258
3262
3477
3259
3263
3478
3264
3479
3261
3265
3480
3262
3266
3481
3263
3267
3482
3264
3268
3483
3269
3484
3266
3270
3485
3267
3271
3486
3268
3272
3487
3269
3273
3488
3274
3489
3271
3275
3490
3272
3276
3491
3273
3277
3492
3274
3278
3493
3279
3494
3276
3280
3495
3277
3281
3496
3278
3282
3497
3279
3283
3498
3284
3499
3281
3285
3500
3282
3286
3501
3283
3287
3502
3284
3288
3503
3289
3504
3286
3290
3505
3287
3291
3506
3288
3292
3507
3289
3293
3508
3294
3509
3291
3295
3510
3292
3296
3511
3293
3297
3512
3294
3298
3513
3299
3514
3296
3515
3297
3516
3298
3517
3299
3518
3519
3301
3305
3520
3302
3306
3521
3303
3307
3522
3304
3308
3523
3309
3524
3306
3310
3525
3307
3311
3526
3308
3312
3527
3309
3313
3528
3314
3529
3311
3315
3530
3312
3316
3531
3313
3317
3532
3314
3318
3533
3319
3534
3316
3320
3535
3317
3321
3536
3318
3322
3537
3319
3323
3538
3324
3539
3321
3325
3540
3322
3326
3541
3323
3327
3542
3324
3328
3543
3329
3544
3326
3330
3545
3327
3331
3546
3328
3332
3547
3329
3333
3548
3334
3549
3331
3335
3550
3332
3336
3551
3333
3337
3552
3334
3338
3553
3339
3554
3336
3340
3555
3337
3341
3556
3338
3342
3557
3339
3343
3558
3344
3559
3341
3345
3560
3342
3346
3561
3343
3347
3562
3344
3348
3563
3349
3564
3346
3350
3565
3347
3351
3566
3348
3352
3567
3349
3353
3568
3354
3569
3351
3355
3570
3352
3356
3571
3353
3357
3572
3354
3358
3573
3359
3574
3356
3360
3575
3357
3361
3576
3358
3362
3577
3359
3363
3578
3364
3579
3361
3365
3580
3362
3366
3581
3363
3367
3582
3364
3368
3583
3369
3584
3366
3370
3585
3367
3371
3586
3368
3372
3587
3369
3373
3588
3374
3589
3371
3375
3590
3372
3376
3591
3373
3377
3592
3374
3378
3593
3379
3594
3376
3380
3595
3377
3381
3596
3378
3382
3597
3379
3383
3598
3384
3599
3381
3385
3600
3382
3386
3601
3383
3387
3602
3384
3388
3603
3389
3604
3386
3390
3605
3387
3391
3606
3388
3392
3607
3389
3393
3608
3394
3609
3391
3395
3610
3392
3396
3611
3393
3397
3612
3394
3398
3613
3399
3614
3396
3400
3615
3397
3401
3616
3398
3402
3617
3399
3403
3618
3404
3619
3401
3405
3620
3402
3406
3621
3403
3407
3622
3404
3408
3623
3409
3624
3406
3410
3625
3407
3411
3626
3408
3412
3627
3409
3413
3628
3414
3629
3411
3415
3630
3412
3416
3631
3413
3417
3632
3414
3418
3633
3419
3634
3416
3420
3635
3417
3421
3636
3418
3422
3637
3419
3423
3638
3424
3639
3421
3425
3640
3422
3426
3641
3423
3427
3642
3424
3428
3643
3429
3644
3426
3430
3645
3427
3431
3646
3428
3432
3647
3429
3433
3648
3434
3649
3431
3435
3650
3432
3436
3651
3433
3437
3652
3434
3438
3653
3439
3654
3436
3440
3655
3437
3441
3656
3438
3442
3657
3439
3443
3658
3444
3659
3441
3445
3660
3442
3446
3661
3443
3447
3662
3444
3448
3663
3449
3664
3446
3450
3665
3447
3451
3666
3448
3452
3667
3449
3453
3668
3454
3669
3451
3455
3670
3452
3456
3671
3453
3457
3672
3454
3458
3673
3459
3674
3456
3460
3675
3457
3461
3676
3458
3462
3677
3459
3463
3678
3464
3679
3461
3465
3680
3462
3466
3681
3463
3467
3682
3464
3468
3683
3469
3684
3466
3470
3685
3467
3471
3686
3468
3472
3687
3469
3473
3688
3474
3689
3471
3475
3690
3472
3476
3691
3473
3477
3692
3474
3478
3693
3479
3694
3476
3480
3695
3477
3481
3696
3478
3482
3697
3479
3483
3698
3484
3699
3481
3485
3700
3482
3486
3701
3483
3487
3702
3484
3488
3703
3489
3704
3486
3490
3705
3487
3491
3706
3488
3492
3707
3489
3493
3708
3494
3709
3491
3495
3710
3492
3496
3711
3493
3497
3712
3494
3498
3713
3499
3714
3496
3500
3715
3497
3501
3716
3498
3502
3717
3499
3503
3718
3504
3719
3501
3505
3720
3502
3506
3721
3503
3507
3722
3504
3508
3723
3509
3724
3506
3510
3725
3507
3511
3726
3508
3512
3727
3509
3513
3728
3514
3729
3511
3515
3730
3512
3516
3731
3513
3517
3732
3514
3518
3733
3519
3734
3516
3735
3517
3736
3518
3737
3519
3738
3739
3521
3525
3740
3522
3526
3741
3523
3527
3742
3524
3528
3743
3529
3744
3526
3530
3745
3527
3531
3746
3528
3532
3747
3529
3533
3748
3534
3749
3531
3535
3750
3532
3536
3751
3533
3537
3752
3534
3538
3753
3539
3754
3536
3540
3755
3537
3541
3756
3538
3542
3757
3539
3543
3758
3544
3759
3541
3545
3760
3542
3546
3761
3543
3547
3762
3544
3548
3763
3549
3764
3546
3550
3765
3547
3551
3766
3548
3552
3767
3549
3553
3768
3554
3769
3551
3555
3770
3552
3556
3771
3553
3557
3772
3554
3558
3773
3559
3774
3556
3560
3775
3557
3561
3776
3558
3562
3777
3559
3563
3778
3564
3779
3561
3565
3780
3562
3566
3781
3563
3567
3782
3564
3568
3783
3569
3784
3566
3570
3785
3567
3571
3786
3568
3572
3787
3569
3573
3788
3574
3789
3571
3575
3790
3572
3576
3791
3573
3577
3792
3574
3578
3793
3579
3794
3576
3580
3795
3577
3581
3796
3578
3582
3797
3579
3583
3798
3584
3799
3581
3585
3800
3582
3586
3801
3583
3587
3802
3584
3588
3803
3589
3804
3586
3590
3805
3587
3591
3806
3588
3592
3807
3589
3593
3808
3594
3809
3591
3595
3810
3592
3596
3811
3593
3597
3812
3594
3598
3813
3599
3814
3596
3600
3815
3597
3601
3816
3598
3602
3817
3599
3603
3818
3604
3819
3601
3605
3820
3602
3606
3821
3603
3607
3822
3604
3608
3823
3609
3824
3606
3610
3825
3607
3611
3826
3608
3612
3827
3609
3613
3828
3614
3829
3611
3615
3830
3612
3616
3831
3613
3617
3832
3614
3618
3833
3619
3834
3616
3620
3835
3617
3621
3836
3618
3622
3837
3619
3623
3838
3624
3839
3621
3625
3840
3622
3626
3841
3623
3627
3842
3624
3628
3843
3629
3844
3626
3630
3845
3627
3631
3846
3628
3632
3847
3629
3633
3848
3634
3849
3631
3635
3850
3632
3636
3851
3633
3637
3852
3634
3638
3853
3639
3854
3636
3640
3855
3637
3641
3856
3638
3642
3857
3639
3643
3858
3644
3859
3641
3645
3860
3642
3646
3861
3643
3647
3862
3644
3648
3863
3649
3864
3646
3650
3865
3647
3651
3866
3648
3652
3867
3649
3653
3868
3654
3869
3651
3655
3870
3652
3656
3871
3653
3657
3872
3654
3658
3873
3659
3874
3656
3660
3875
3657
3661
3876
3658
3662
3877
3659
3663
3878
3664
3879
3661
3665
3880
3662
3666
3881
3663
3667
3882
3664
3668
3883
3669
3884
3666
3670
3885
3667
3671
3886
3668
3672
3887
3669
3673
3888
3674
3889
3671
3675
3890
3672
3676
3891
3673
3677
3892
3674
3678
3893
3679
3894
3676
3680
3895
3677
3681
3896
3678
3682
3897
3679
3683
3898
3684
3899
3681
3685
3900
3682
3686
3901
3683
3687
3902
3684
3688
3903
3689
3904
3686
3690
3905
3687
3691
3906
3688
3692
3907
3689
3693
3908
3694
3909
3691
3695
3910
3692
3696
3911
3693
3697
3912
3694
3698
3913
3699
3914
3696
3700
3915
3697
3701
3916
3698
3702
3917
3699
3703
3918
3704
3919
3701
3705
3920
3702
3706
3921
3703
3707
3922
3704
3708
3923
3709
3924
3706
3710
3925
3707
3711
3926
3708
3712
3927
3709
3713
3928
3714
3929
3711
3715
3930
3712
3716
3931
3713
3717
3932
3714
3718
3933
3719
3934
3716
3720
3935
3717
3721
3936
3718
3722
3937
3719
3723
3938
3724
3939
3721
3725
3940
3722
3726
3941
3723
3727
3942
3724
3728
3943
3729
3944
3726
3730
3945
3727
3731
3946
3728
3732
3947
3729
3733
3948
3734
3949
3731
3735
3950
3732
3736
3951
3733
3737
3952
3734
3738
3953
3739
3954
3736
3955
3737
3956
3738
3957
3739
3958
3959
3741
3745
3960
3742
3746
3961
3743
3747
3962
3744
3748
3963
3749
3964
3746
3750
3965
3747
3751
3966
3748
3752
3967
3749
3753
3968
3754
3969
3751
3755
3970
3752
3756
3971
3753
3757
3972
3754
3758
3973
3759
3974
3756
3760
3975
3757
3761
3976
3758
3762
3977
3759
3763
3978
3764
3979
3761
3765
3980
3762
3766
3981
3763
3767
3982
3764
3768
3983
3769
3984
3766
3770
3985
3767
3771
3986
3768
3772
3987
3769
3773
3988
3774
3989
3771
3775
3990
3772
3776
3991
3773
3777
3992
3774
3778
3993
3779
3994
3776
3780
3995
3777
3781
3996
3778
3782
3997
3779
3783
3998
3784
3999
3781
3785
4000
3782
3786
4001
3783
3787
4002
3784
3788
4003
3789
4004
3786
3790
4005
3787
3791
4006
3788
3792
4007
3789
3793
4008
3794
4009
3791
3795
4010
3792
3796
4011
3793
3797
4012
3794
3798
4013
3799
4014
3796
3800
4015
3797
3801
4016
3798
3802
4017
3799
3803
4018
3804
4019
3801
3805
4020
3802
3806
4021
3803
3807
4022
3804
3808
4023
3809
4024
3806
3810
4025
3807
3811
4026
3808
3812
4027
3809
3813
4028
3814
4029
3811
3815
4030
3812
3816
4031
3813
3817
4032
3814
3818
4033
3819
4034
3816
3820
4035
3817
3821
4036
3818
3822
4037
3819
3823
4038
3824
4039
3821
3825
4040
3822
3826
4041
3823
3827
4042
3824
3828
4043
3829
4044
3826
3830
4045
3827
3831
4046
3828
3832
4047
3829
3833
4048
3834
4049
3831
3835
4050
3832
3836
4051
3833
3837
4052
3834
3838
4053
3839
4054
3836
3840
4055
3837
3841
4056
3838
3842
4057
3839
3843
4058
3844
4059
3841
3845
4060
3842
3846
4061
3843
3847
4062
3844
3848
4063
3849
4064
3846
3850
4065
3847
3851
4066
3848
3852
4067
3849
3853
4068
3854
4069
3851
3855
4070
3852
3856
4071
3853
3857
4072
3854
3858
4073
3859
4074
3856
3860
4075
3857
3861
4076
3858
3862
4077
3859
3863
4078
3864
4079
3861
3865
4080
3862
3866
4081
3863
3867
4082
3864
3868
4083
3869
4084
3866
3870
4085
3867
3871
4086
3868
3872
4087
3869
3873
4088
3874
4089
3871
3875
4090
3872
3876
4091
3873
3877
4092
3874
3878
4093
3879
4094
3876
3880
4095
3877
3881
4096
3878
3882
4097
3879
3883
4098
3884
4099
3881
3885
4100
3882
3886
4101
3883
3887
4102
3884
3888
4103
3889
4104
3886
3890
4105
3887
3891
4106
3888
3892
4107
3889
3893
4108
3894
4109
3891
3895
4110
3892
3896
4111
3893
3897
4112
3894
3898
4113
3899
4114
3896
3900
4115
3897
3901
4116
3898
3902
4117
3899
3903
4118
3904
4119
3901
3905
4120
3902
3906
4121
3903
3907
4122
3904
3908
4123
3909
4124
3906
3910
4125
3907
3911
4126
3908
3912
4127
3909
3913
4128
3914
4129
3911
3915
4130
3912
3916
4131
3913
3917
4132
3914
3918
4133
3919
4134
3916
3920
4135
3917
3921
4136
3918
3922
4137
3919
3923
4138
3924
4139
3921
3925
4140
3922
3926
4141
3923
3927
4142
3924
3928
4143
3929
4144
3926
3930
4145
3927
3931
4146
3928
3932
4147
3929
3933
4148
3934
4149
3931
3935
4150
3932
3936
4151
3933
3937
4152
3934
3938
4153
3939
4154
3936
3940
4155
3937
3941
4156
3938
3942
4157
3939
3943
4158
3944
4159
3941
3945
4160
3942
3946
4161
3943
3947
4162
3944
3948
4163
3949
4164
3946
3950
4165
3947
3951
4166
3948
3952
4167
3949
3953
4168
3954
4169
3951
3955
4170
3952
3956
4171
3953
3957
4172
3954
3958
4173
3959
4174
3956
4175
3957
4176
3958
4177
3959
4178
4179
3961
3965
4180
3962
3966
4181
3963
3967
4182
3964
3968
4183
3969
4184
3966
3970
4185
3967
3971
4186
3968
3972
4187
3969
3973
4188
3974
4189
3971
3975
4190
3972
3976
4191
3973
3977
4192
3974
3978
4193
3979
4194
3976
3980
4195
3977
3981
4196
3978
3982
4197
3979
3983
4198
3984
4199
3981
3985
4200
3982
3986
4201
3983
3987
4202
3984
3988
4203
3989
4204
3986
3990
4205
3987
3991
4206
3988
3992
4207
3989
3993
4208
3994
4209
3991
3995
4210
3992
3996
4211
3993
3997
4212
3994
3998
4213
3999
4214
3996
4000
4215
3997
4001
4216
3998
4002
4217
3999
4003
4218
4004
4219
4001
4005
4220
4002
4006
4221
4003
4007
4222
4004
4008
4223
4009
4224
4006
4010
4225
4007
4011
4226
4008
4012
4227
4009
4013
4228
4014
4229
4011
4015
4230
4012
4016
4231
4013
4017
4232
4014
4018
4233
4019
4234
4016
4020
4235
4017
4021
4236
4018
4022
4237
4019
4023
4238
4024
4239
4021
4025
4240
4022
4026
4241
4023
4027
4242
4024
4028
4243
4029
4244
4026
4030
4245
4027
4031
4246
4028
4032
4247
4029
4033
4248
4034
4249
4031
4035
4250
4032
4036
4251
4033
4037
4252
4034
4038
4253
4039
4254
4036
4040
4255
4037
4041
4256
4038
4042
4257
4039
4043
4258
4044
4259
4041
4045
4260
4042
4046
4261
4043
4047
4262
4044
4048
4263
4049
4264
4046
4050
4265
4047
4051
4266
4048
4052
4267
4049
4053
4268
4054
4269
4051
4055
4270
4052
4056
4271
4053
4057
4272
4054
4058
4273
4059
4274
4056
4060
4275
4057
4061
4276
4058
4062
4277
4059
4063
4278
4064
4279
4061
4065
4280
4062
4066
4281
4063
4067
4282
4064
4068
4283
4069
4284
4066
4070
4285
4067
4071
4286
4068
4072
4287
4069
4073
4288
4074
4289
4071
4075
4290
4072
4076
4291
4073
4077
4292
4074
4078
4293
4079
4294
4076
4080
4295
4077
4081
4296
4078
4082
4297
4079
4083
4298
4084
4299
4081
4085
4300
4082
4086
4301
4083
4087
4302
4084
4088
4303
4089
4304
4086
4090
4305
4087
4091
4306
4088
4092
4307
4089
4093
4308
4094
4309
4091
4095
4310
4092
4096
4311
4093
4097
4312
4094
4098
4313
4099
4314
4096
4100
4315
4097
4101
4316
4098
4102
4317
4099
4103
4318
4104
4319
4101
4105
4320
4102
4106
4321
4103
4107
4322
4104
4108
4323
4109
4324
4106
4110
4325
4107
4111
4326
4108
4112
4327
4109
4113
4328
4114
4329
4111
4115
4330
4112
4116
4331
4113
4117
4332
4114
4118
4333
4119
4334
4116
4120
4335
4117
4121
4336
4118
4122
4337
4119
4123
4338
4124
4339
4121
4125
4340
4122
4126
4341
4123
4127
4342
4124
4128
4343
4129
4344
4126
4130
4345
4127
4131
4346
4128
4132
4347
4129
4133
4348
4134
4349
4131
4135
4350
4132
4136
4351
4133
4137
4352
4134
4138
4353
4139
4354
4136
4140
4355
4137
4141
4356
4138
4142
4357
4139
4143
4358
4144
4359
4141
4145
4360
4142
4146
4361
4143
4147
4362
4144
4148
4363
4149
4364
4146
4150
4365
4147
4151
4366
4148
4152
4367
4149
4153
4368
4154
4369
4151
4155
4370
4152
4156
4371
4153
4157
4372
4154
4158
4373
4159
4374
4156
4160
4375
4157
4161
4376
4158
4162
4377
4159
4163
4378
4164
4379
4161
4165
4380
4162
4166
4381
4163
4167
4382
4164
4168
4383
4169
4384
4166
4170
4385
4167
4171
4386
4168
4172
4387
4169
4173
4388
4174
4389
4171
4175
4390
4172
4176
4391
4173
4177
4392
4174
4178
4393
4179
4394
4176
4395
4177
4396
4178
4397
4179
4398
4399
4181
4185
4400
4182
4186
4401
4183
4187
4402
4184
4188
4403
4189
4404
4186
4190
4405
4187
4191
4406
4188
4192
4407
4189
4193
4408
4194
4409
4191
4195
4410
4192
4196
4411
4193
4197
4412
4194
4198
4413
4199
4414
4196
4200
4415
4197
4201
4416
4198
4202
4417
4199
4203
4418
4204
4419
4201
4205
4420
4202
4206
4421
4203
4207
4422
4204
4208
4423
4209
4424
4206
4210
4425
4207
4211
4426
4208
4212
4427
4209
4213
4428
4214
4429
4211
4215
4430
4212
4216
4431
4213
4217
4432
4214
4218
4433
4219
4434
4216
4220
4435
4217
4221
4436
4218
4222
4437
4219
4223
4438
4224
4439
4221
4225
4440
4222
4226
4441
4223
4227
4442
4224
4228
4443
4229
4444
4226
4230
4445
4227
4231
4446
4228
4232
4447
4229
4233
4448
4234
4449
4231
4235
4450
4232
4236
4451
4233
4237
4452
4234
4238
4453
4239
4454
4236
4240
4455
4237
4241
4456
4238
4242
4457
4239
4243
4458
4244
4459
4241
4245
4460
4242
4246
4461
4243
4247
4462
4244
4248
4463
4249
4464
4246
4250
4465
4247
4251
4466
4248
4252
4467
4249
4253
4468
4254
4469
4251
4255
4470
4252
4256
4471
4253
4257
4472
4254
4258
4473
4259
4474
4256
4260
4475
4257
4261
4476
4258
4262
4477
4259
4263
4478
4264
4479
4261
4265
4480
4262
4266
4481
4263
4267
4482
4264
4268
4483
4269
4484
4266
4270
4485
4267
4271
4486
4268
4272
4487
4269
4273
4488
4274
4489
4271
4275
4490
4272
4276
4491
4273
4277
4492
4274
4278
4493
4279
4494
4276
4280
4495
4277
4281
4496
4278
4282
4497
4279
4283
4498
4284
4499
4281
4285
4500
4282
4286
4501
4283
4287
4502
4284
4288
4503
4289
4504
4286
4290
4505
4287
4291
4506
4288
4292
4507
4289
4293
4508
4294
4509
4291
4295
4510
4292
4296
4511
4293
4297
4512
4294
4298
4513
4299
4514
4296
4300
4515
4297
4301
4516
4298
4302
4517
4299
4303
4518
4304
4519
4301
4305
4520
4302
4306
4521
4303
4307
4522
4304
4308
4523
4309
4524
4306
4310
4525
4307
4311
4526
4308
4312
4527
4309
4313
4528
4314
4529
4311
4315
4530
4312
4316
4531
4313
4317
4532
4314
4318
4533
4319
4534
4316
4320
4535
4317
4321
4536
4318
4322
4537
4319
4323
4538
4324
4539
4321
4325
4540
4322
4326
4541
4323
4327
4542
4324
4328
4543
4329
4544
4326
4330
4545
4327
4331
4546
4328
4332
4547
4329
4333
4548
4334
4549
4331
4335
4550
4332
4336
4551
4333
4337
4552
4334
4338
4553
4339
4554
4336
4340
4555
4337
4341
4556
4338
4342
4557
4339
4343
4558
4344
4559
4341
4345
4560
4342
4346
4561
4343
4347
4562
4344
4348
4563
4349
4564
4346
4350
4565
4347
4351
4566
4348
4352
4567
4349
4353
4568
4354
4569
4351
4355
4570
4352
4356
4571
4353
4357
4572
4354
4358
4573
4359
4574
4356
4360
4575
4357
4361
4576
4358
4362
4577
4359
4363
4578
4364
4579
4361
4365
4580
4362
4366
4581
4363
4367
4582
4364
4368
4583
4369
4584
4366
4370
4585
4367
4371
4586
4368
4372
4587
4369
4373
4588
4374
4589
4371
4375
4590
4372
4376
4591
4373
4377
4592
4374
4378
4593
4379
4594
4376
4380
4595
4377
4381
4596
4378
4382
4597
4379
4383
4598
4384
4599
4381
4385
4600
4382
4386
4601
4383
4387
4602
4384
4388
4603
4389
4604
4386
4390
4605
4387
4391
4606
4388
4392
4607
4389
4393
4608
4394
4609
4391
4395
4610
4392
4396
4611
4393
4397
4612
4394
4398
4613
4399
4614
4396
4615
4397
4616
4398
4617
4399
4618
4619
4401
4405
4620
4402
4406
4621
4403
4407
4622
4404
4408
4623
4409
4624
4406
4410
4625
4407
4411
4626
4408
4412
4627
4409
4413
4628
4414
4629
4411
4415
4630
4412
4416
4631
4413
4417
4632
4414
4418
4633
4419
4634
4416
4420
4635
4417
4421
4636
4418
4422
4637
4419
4423
4638
4424
4639
4421
4425
4640
4422
4426
4641
4423
4427
4642
4424
4428
4643
4429
4644
4426
4430
4645
4427
4431
4646
4428
4432
4647
4429
4433
4648
4434
4649
4431
4435
4650
4432
4436
4651
4433
4437
4652
4434
4438
4653
4439
4654
4436
4440
4655
4437
4441
4656
4438
4442
4657
4439
4443
4658
4444
4659
4441
4445
4660
4442
4446
4661
4443
4447
4662
4444
4448
4663
4449
4664
4446
4450
4665
4447
4451
4666
4448
4452
4667
4449
4453
4668
4454
4669
4451
4455
4670
4452
4456
4671
4453
4457
4672
4454
4458
4673
4459
4674
4456
4460
4675
4457
4461
4676
4458
4462
4677
4459
4463
4678
4464
4679
4461
4465
4680
4462
4466
4681
4463
4467
4682
4464
4468
4683
4469
4684
4466
4470
4685
4467
4471
4686
4468
4472
4687
4469
4473
4688
4474
4689
4471
4475
4690
4472
4476
4691
4473
4477
4692
4474
4478
4693
4479
4694
4476
4480
4695
4477
4481
4696
4478
4482
4697
4479
4483
4698
4484
4699
4481
4485
4700
4482
4486
4701
4483
4487
4702
4484
4488
4703
4489
4704
4486
4490
4705
4487
4491
4706
4488
4492
4707
4489
4493
4708
4494
4709
4491
4495
4710
4492
4496
4711
4493
4497
4712
4494
4498
4713
4499
4714
4496
4500
4715
4497
4501
4716
4498
4502
4717
4499
4503
4718
4504
4719
4501
4505
4720
4502
4506
4721
4503
4507
4722
4504
4508
4723
4509
4724
4506
4510
4725
4507
4511
4726
4508
4512
4727
4509
4513
4728
4514
4729
4511
4515
4730
4512
4516
4731
4513
4517
4732
4514
4518
4733
4519
4734
4516
4520
4735
4517
4521
4736
4518
4522
4737
4519
4523
4738
4524
4739
4521
4525
4740
4522
4526
4741
4523
4527
4742
4524
4528
4743
4529
4744
4526
4530
4745
4527
4531
4746
4528
4532
4747
4529
4533
4748
4534
4749
4531
4535
4750
4532
4536
4751
4533
4537
4752
4534
4538
4753
4539
4754
4536
4540
4755
4537
4541
4756
4538
4542
4757
4539
4543
4758
4544
4759
4541
4545
4760
4542
4546
4761
4543
4547
4762
4544
4548
4763
4549
4764
4546
4550
4765
4547
4551
4766
4548
4552
4767
4549
4553
4768
4554
4769
4551
4555
4770
4552
4556
4771
4553
4557
4772
4554
4558
4773
4559
4774
4556
4560
4775
4557
4561
4776
4558
4562
4777
4559
4563
4778
4564
4779
4561
4565
4780
4562
4566
4781
4563
4567
4782
4564
4568
4783
4569
4784
4566
4570
4785
4567
4571
4786
4568
4572
4787
4569
4573
4788
4574
4789
4571
4575
4790
4572
4576
4791
4573
4577
4792
4574
4578
4793
4579
4794
4576
4580
4795
4577
4581
4796
4578
4582
4797
4579
4583
4798
4584
4799
4581
4585
4800
4582
4586
4801
4583
4587
4802
4584
4588
4803
4589
4804
4586
4590
4805
4587
4591
4806
4588
4592
4807
4589
4593
4808
4594
4809
4591
4595
4810
4592
4596
4811
4593
4597
4812
4594
4598
4813
4599
4814
4596
4600
4815
4597
4601
4816
4598
4602
4817
4599
4603
4818
4604
4819
4601
4605
4820
4602
4606
4821
4603
4607
4822
4604
4608
4823
4609
4824
4606
4610
4825
4607
4611
4826
4608
4612
4827
4609
4613
4828
4614
4829
4611
4615
4830
4612
4616
4831
4613
4617
4832
4614
4618
4833
4619
4834
4616
4835
4617
4836
4618
4837
4619
4838
4839
4621
4625
4622
4626
4623
4627
4624
4628
4629
4626
4630
4627
4631
4628
4632
4629
4633
4634
4631
4635
4632
4636
4633
4637
4634
4638
4639
4636
4640
4637
4641
4638
4642
4639
4643
4644
4641
4645
4642
4646
4643
4647
4644
4648
4649
4646
4650
4647
4651
4648
4652
4649
4653
4654
4651
4655
4652
4656
4653
4657
4654
4658
4659
4656
4660
4657
4661
4658
4662
4659
4663
4664
4661
4665
4662
4666
4663
4667
4664
4668
4669
4666
4670
4667
4671
4668
4672
4669
4673
4674
4671
4675
4672
4676
4673
4677
4674
4678
4679
4676
4680
4677
4681
4678
4682
4679
4683
4684
4681
4685
4682
4686
4683
4687
4684
4688
4689
4686
4690
4687
4691
4688
4692
4689
4693
4694
4691
4695
4692
4696
4693
4697
4694
4698
4699
4696
4700
4697
4701
4698
4702
4699
4703
4704
4701
4705
4702
4706
4703
4707
4704
4708
4709
4706
4710
4707
4711
4708
4712
4709
4713
4714
4711
4715
4712
4716
4713
4717
4714
4718
4719
4716
4720
4717
4721
4718
4722
4719
4723
4724
4721
4725
4722
4726
4723
4727
4724
4728
4729
4726
4730
4727
4731
4728
4732
4729
4733
4734
4731
4735
4732
4736
4733
4737
4734
4738
4739
4736
4740
4737
4741
4738
4742
4739
4743
4744
4741
4745
4742
4746
4743
4747
4744
4748
4749
4746
4750
4747
4751
4748
4752
4749
4753
4754
4751
4755
4752
4756
4753
4757
4754
4758
4759
4756
4760
4757
4761
4758
4762
4759
4763
4764
4761
4765
4762
4766
4763
4767
4764
4768
4769
4766
4770
4767
4771
4768
4772
4769
4773
4774
4771
4775
4772
4776
4773
4777
4774
4778
4779
4776
4780
4777
4781
4778
4782
4779
4783
4784
4781
4785
4782
4786
4783
4787
4784
4788
4789
4786
4790
4787
4791
4788
4792
4789
4793
4794
4791
4795
4792
4796
4793
4797
4794
4798
4799
4796
4800
4797
4801
4798
4802
4799
4803
4804
4801
4805
4802
4806
4803
4807
4804
4808
4809
4806
4810
4807
4811
4808
4812
4809
4813
4814
4811
4815
4812
4816
4813
4817
4814
4818
4819
4816
4820
4817
4821
4818
4822
4819
4823
4824
4821
4825
4822
4826
4823
4827
4824
4828
4829
4826
4830
4827
4831
4828
4832
4829
4833
4834
4831
4835
4832
4836
4833
4837
4834
4838
4839
4836
4837
4838
4839
)


// ************************************************************************* //
